sequence,length,start,end,GCcontent
ATGCAATGAGGTGGACACCAGAGGCGGGGACTTGTAAATAACACTGGGCTGTAGGAGTGATGGGGTTCACCTCTAATTCTAATAAGGCTAGATAATGCATCTTTCTAA,108,0,108,44.4
ATGTTTAATAGTACAGTATGGTGACTATAGTCAACAATAATTTATTGTACATTTTTAAATAGCTAG,66,178,244,24.2
ATGAAGAAAAGATAAATGGTCAAGGGAATGGATATCCTAATTACCCTGATTTGATCATTATGCATTATATACATGAATCAAAATATCACACATACCTTCAAACTATGTACAAATATTATATACCAATAA,129,270,399,27.1
ATGACCACCACCATCACAACCATCACCACCATCACAACCACCATCATCACTATCGCTATCACCACCATCACCATTACCACCACCATTACTACAACCATGACCATCACCACCATCACCACCACCATCACAACGATCACCATCACAGCCACCATCATCACCACCACCACCACCACCATCACCATCAAACCATCGGCATTATTATTTTTTTAG,210,971,1181,47.6
ATGAAAAAGCAGCTGACCCTCCTGTGGCCCCCTTTTTGGGCAGTCATTGCAGGACCTCATCCCCAAGCAGCAGCTCTGGTGGCATACAGGCAACCCACCACCAAGGTAGAGGGTAATTGA,120,1227,1347,55.0
ATGCTGGGGAGGAAGGAAGACATTTCACTTATTGAGTGGCCTGATGCAGAACAGAGACCCAGCTGGTTCACTCTAGTTCGGACTAAAACTCACCCCTGTCTATAA,105,1419,1524,47.6
ATGCATTTCACATTTGTGATCTCATTTAACCTCCACAAAGACCCAGAAGGGTTGGTAACATTATCATACCTAGGCCTACTATTTTAA,87,1541,1628,36.8
ATGCAGCCCGGGCACTGAAGTGGAGGCTGGCCACGGAGAGAGCCAGGCAATCACTGGCTTTTCCTTAGACAGAGAGCTGGTTCCTAG,87,1641,1728,58.6
ATGACCCAACTGTTCAGTTTTGCAACATCCAGCATGGCTGCCTGATCAGGGGTGCATATGTCAGAGGAGCCTTCAGCTGGGAAGTGCTGA,90,1758,1848,52.2
ATGACCCAGACCTGACCTGCCCGATGCCAAGGCCTCCTTTAGTACATCCCATGGAGGACACTTGAGACAAAGTCACAGCTCAGCCCGTTGATTTCCCATGCTCTGACTGTGCGGTGCAGCAGGACCCCTAGCAGGCAGCATGTGTTCAAGGCAGCGATATCCAAATGCTATGAATTGCTGTCCTGA,186,1851,2037,53.8
ATGCTGGTCCTAAATCTCACCTTTGACAGTGCGCTGATGTGCAATGTTTGCTTTTGTTTTATTTGA,66,2077,2143,39.4
ATGGCTAATTGCTAAGAAGGTGACATGCTGCCCACTGACCACCCAATGTTCATTCTCCTCTTCTTCCTTACTAACAAAACTGCGGTGGTGGTGGTGAGGAGAGGGAGGGGGTATAACAAATGTGCCAAGCCAAGAGTTTATATTTGCAAGCCTCTCTTATACCTAGAGTTGATCGTGACACAGCTCTGGCCAATGATGTGTAAGCAGAAGTTGCTTGATGTGACTTCTGGCAAAGCTCTTAAGGAGAGGACTGACCTGTTTCCACATATCTTTTTCCTTTCCGTGTCCTTAGTCCTGGCTGGGATGCAGATGAGATGCAAAAGGTGGAGCAGCCATGTTGTCATCAGGCAGTAA,354,2149,2503,46.9
ATGTCCATTTGAACCCCAAATTACCTGTCTCCAGATTTGCTATCAGGCAAGAAAAGGAAATCTTTCATTAGTTTAAGCTGTAGTTTACTCCAGTTTTCTATAACTTTCGGCCAGATATAA,120,2583,2703,35.8
ATGGTGACTCACGCCTGTAATCTCAGCACTTTGGAAGCCCAGGCAGGTGGATCACCTGAGGTCAGGAGTTCAAGACCAGCCTGGCCAACGTGGTGA,96,2841,2937,56.3
ATGATGGTGCATGCCTGTAGTCACACCTACTCAGGAGGCTGAGTCAGGAGAATAGCTTGACCCAGGAGGCAGAGGTGGCAGTGA,84,2975,3059,54.8
ATGTAGAGTCAAAGGGCTAAACAGAAACATAACACATGGGTTTTAAGCTAAGCCTTCACATTATCCCTTATACAATTTTATCTACACCGATTTCACCAAAGCTCAAAGTTATATTATTGGCTGAGATTGGCATTGGGATGGAGTGGTGAAGCTAAGAAATTCGTTATCCCTTTGTTCCAGTGCTGCTGGACTTTTCACTAA,201,3154,3355,38.3
ATGCTGAGTCTCCCAGGAGGCTGACTCCTCCTGGCTCTGGGTGTGCATTCTGATGAAGGTTCTTTATTGTAG,72,3367,3439,51.4
ATGAGAGGGCAACATGGATCTCCATTTCTGAGCAGATGTTTAAACGCTGAATCAGGTCCAAGGCTTCCCAAATGA,75,3456,3531,45.3
ATGTTACTCAGAAGAACACAATTTTGTTGTTTTGTTTTTGTTTCTGGGTTTTGGTTGTTTTTTTTGTTTTTTTTTTTGGGGAATTAA,87,3954,4041,26.4
ATGATCTTAGACCATTGACATCACCTCCCTGACCGTGATTTTCACATCTAGAGAATGGGAGGGGAAGAACCATGCCTTGGGGGCCAGGCTGAGGATGAACTATGA,105,4082,4187,49.5
ATGAGGCCCACTATCAGTGAAACTGATTGAAATTGGTGTACATCTGAGACCTGAGGACAGCCATCAAGTGTCTATTAA,78,4231,4309,42.3
ATGTAGCAAGCATTTATTGCACATGATCCTAGGTCCCAAGTATGCTTCGGTAAATTAAACACCCTTGGTCCCTGCCCTCACAAGCCGTTCATAATCTAG,99,4319,4418,44.4
ATGCACAATTGTTCATTGAAAATCTCCGAAGTCACTGGCTATTTTCTGTGGTTCTCGGCACCATCACCACCCTTCCAAATTCTCTCCTGTTCTCAGGGGTTAGAAACCTGCAAACTACATTCCCTAGACTTCCTTGCCTGTAGGAGCAAAATGATCCCATGTATTACTGCGAAATGGTAG,180,4437,4617,44.4
ATGTAGGAAAGTGTGTGCCACAGCCACACATGTTCATGATAGTCATAACTTGTTCAGTAGGAATTTAGAGAAGACTGA,78,4652,4730,39.7
ATGCTATGCGGGATACAGAGATGCCTGTGCCTCTAAGAAACTTGGTAGAAAAATAATAACCCACACATATTTGGCTTACCTTCTCTTTGA,90,4751,4841,40.0
ATGGCTGAATCCAACAAATGAAGTCTCTACTCTCATATTATTTTCCATTTTGTTCCACTGAATTTCAGCAAACATAGACCAGACAAGCATCCCTTTGAAACCTGGACTTGGGATGAGGGTCTGCTGAGATTGGGTTTTCTCCATGCCCAGATGCCTCTGATCAAATATCAAGTCCCAAAGATACAGATGAGAAAGTTATTAAGTGTTCTGGGATTGGGACATCGGAGATATTAA,234,4905,5139,40.6
ATGGGAAGAGGGGGCAGGTAGCTTTCTTTGTGTAGTGTTTAGGAAGGTGATTGCCAATCTAGGAGAAGTGAGTTCCCCAGAGGGAGGGGGGCTCTTGGCCAGCAGGGTGACCCATATGTTCTGGTCTGCCTGGAGCTGTGGTCCTTGGGTTCACAGCGGCCCCTTTGCACTCAAAGCACCCTAGCTTGGACAATAAATTCTACAGTCAGTTCTGCAGTGACGATCTTCAATTCCTAG,237,5155,5392,52.3
ATGTCTCTTCCTCTGCTCATAAGAAAACAGTCCTATAGGACTAGGACCACATTCTTATGGCCTCATTTAACCTTAATTACCTCCTTTAGGGCCCTGTCTCCAAATATGTTCAGTGGAGGTTTGGGGCTTTGGCATATGAGTCTTTGGAGGCCACAGTTCTGTCCAGAACACACTGACCCTATCCACCAGGTACTGCCACACCAATGGCTTTCAGCATTAGACAGAGCCCCCCTGGGCTCTGTAACCCCACCCAGGGTGTTAAGAATGAGGAGTGAAAGTCCACACATGTACACACATGTTAATAGCAGCATTATGCGCAACAGTCAAACAGTGGACACACCCAAATGCCCATCAGTGGATGATGGATACATGCAAGGTGATTTATCCAGACAGTGGCATCATATTCTGTGGCCGGAAACAGGAGGGGAACGCTGA,435,5595,6030,48.0
ATGAAAAAACAGAGAGAAGAATCCAGCCGCCTCATATAATTTCTTTTTAACTTGCAAATGTTATTTTTAATCAAAATGTTATTTACATGGCACTGA,96,6079,6175,29.2
ATGGTGCTGAGTGTAAGAACCAAACAGGAAAGGCCACGTGTTGTTCATTGATAGGAAATGTCCAGAATAGGATGTTCTAAAGAGACTGAGAATGGATAA,99,6198,6297,40.4
ATGGTATGTTCCAAAATTGACATTGGTGATGGTTGCACACACTGCAGATACACCAAAATCCACCAAGTTAAATTGAAATGCACACTTTACACTATTGAATTATATACTTTAAGTGGCTGA,120,6371,6491,35.0
ATGAATTACATTTCAATAAAGCCTTTTAAATAAATCATGCATGGGTAAAATGTCCACTCAAAGTAA,66,6503,6569,27.3
ATGTAATAGAGTACAAAATGCATGGGTATGGAATTCCACTTACAACCCATCATTAATCAACCACTACTTATCAAAGAAACCCCAACTTGTCAAATTTCAGTGTGA,105,6588,6693,35.2
ATGAGGCCAGGTTCTTTTCCTATTCTTCAACCAAAACAATGTATTGCAACAGATTGAATGAAAAAAACAGAGAGAAGAATCCAGCTGCCTCATGTAATTTCTTTTTAA,108,6766,6874,34.3
ATGGTATTTTTAATCAAAATGTTATTTACATTAGCAATAATAATTTTTTTTAAAAAAGAATGAGGCTTGAGACGGAGACTCAGTGGCTGTGTCTACCGGCCTCAGTTGTAA,111,6881,6992,32.4
ATGAGGTGATGATGATGATGACGATGATGATGGTATCAGTACTGGCTAATATAATAAACTAGCTACTATGTGCCAAATGGTTTCTCAATCTGA,93,7070,7163,36.6
ATGGGGCTTGGGGAGGTGGATAAATTACTGTTCCTAATGTTTTTAGTGTGACTGAAGTGCTGGCCACTCAGTCACTCGTTTGCCCTTTCACTCATTCATTCATTCCTTCATTCAGTGATATATGAAGTGCCCACCGTGAGCCAGAGTGAGACGCTTTCCTGA,162,7365,7527,46.3
ATGAAGACAAGCTACAAACTGGGAGAAGATATTTCCAACATGTGTAATTGAAAAAACATTAATATTAATTATATATATATATGTGTACGTATATAA,96,7635,7731,24.0
ATGTGTGTGTGTGTATGTATATTTTCATATTTAAAACCAGACATCATTAATGCAAAGATAAATGCACCAATCAGAAAGTGA,81,7740,7821,29.6
ATGCAGCATGATATTCTTTCTCAAAATAAAGGCTAGAAAATCAGATAAGATAAATAATATGCTCTGAGGCATCCATGTAGATATAACACAGCTATTTTCAGAGAAGGAATGATCAGCACTAACTTCTGTAGAAGTTTATAG,141,7945,8086,32.6
ATGCAAGTTAGTTTGCTAGTTCCTGGGTGGCATGGTGGATTCATGGGAGTGCCTTGTGTTGTTAAAAATAAAGAAACTAGGCCTGGTTTGGTGGCTCATGCCTGA,105,8090,8195,45.7
ATGATGATAATAATAATAATAGACTAGGCACAGTGGTTTACACCTGTATTCCCAGCACTTTGGGAGGCCGAGGCAGGCAGATCACTTGAGGTCAGGAGTTGA,102,8490,8592,45.1
ATGGCGAAACCTCGCCTCTACTAAAAATACAAAATTAGGCCCGGTGCGGTGGCTCACACCTGTAATCCCTGCACTTTGGGAGGCGAGGTGGGTGGATCACCTGAGGTCAGGAGTTCGAGGCCAGCCTGGCCAACATGGCGAAACCCTGTCTCTACTAAAAAAAAAAGAAAAAGAAAAAATTAG,183,8609,8792,49.2
ATGGTGGCATGCGCCTGTAATCCCAGCTACTTAGGAGGATGAGAATCACTTGAACCTGGGAGGCAGAGGCTGCAGTGA,78,8969,9047,53.8
ATGGCTGGCGAGTCATGAACCCAGGCGTGGCATTCCTCAAATTATGTGCACCTAAAGTCTGCGAAGGGAAACAAACAAGAATTCAAAAAGCAAGACACCCCGGGGGTTCTCTGTCCTTCCTTCCCTGCACTCAGTCTGCGTCCTGAGCAGCAACAGTGCTGA,162,9139,9301,51.9
ATGGAGACCAGGAAGTGAAGTGATTTCTAAGGGTTTCCTGTGAGGTCAGGAATCAAGATGGAATCATTGCCTCATCCTCTGTTAACCAGAAAATTCTCTAAGCCAAACCCTCCCATAGCCTCTGGTCTCTTCACTCAGCCGAGGGTTCCCTTGTGTTTAGAGGGCAAGGTGGGCTCTGTTTCCTCCCACTGGGATGGAGGAGTCAGAAAACTCACCTTACCCCGTTTGCCCCCGACAGTGCCACGTTACAAAAGTTGCCCAACTTCCTTAAATAATCCTGTCACTTCCTCCTCATTTGCCTCTGACGCATGA,312,9361,9673,49.4
ATGTGAGCATCTTGTGATTTCTCCCCCAGCGCAGCCTGCCTGGCAGCTTCCTGTGCTCCCAGCACGAAGTGGAAGATGACCTTCAGCCGGAGGAGGGAGCGCAGCGCGGATTAG,114,9953,10067,60.5
ATGGCGCGGGGACTGGCCTGGTTGTTGGGGCGGGGACAGAAATCCATTTCCCTCGTTTTCCTCCACGCCAGTGTGGGCCACTTCCTGAGTCTCCGCACACACCAGTGTCTGAGGTTCTCACTGACCTGCTCCAAGGTGAGGGATTCCCCGTATTTGGGGCAGAACAGACGTTCCCACCCCGCAAGGCTGCAGTGCGGGACAGACACGTGGCCCGGCCCCGAGATGCTGCAGAATGTTTGTCCTGGATTTTAA,252,10073,10325,59.5
ATGAGAGCACTGCTTTACCCGAGGCCCTATTTCCGCACGAGAAACTTTTCTCAGCCTGATCGCATCCCGGCTTCTAAGAAGGGCCTGGTTCAGGCTTTCAGCCTGAAGCCGGAGAGCACGAATGAGCCCTCCCCTGACTTCAAAAATAAAATCCCGGTACAGTATGATCATCATGATTATTGTTACCATTATTACCAGCACTGCAATCATTTGTGCTCTGGCCCTTTCATCCCAGAATTTCAAAGCAGAATGCTTTATAAGGAGATGGCTATTCATTTGTTCAGCGAGAGGCATCCTTTGAAAATGGAGCTTTCAGACTCTTGA,324,10424,10748,46.0
ATGAATGTGTCTGTTGAGTGGGGTCCAGACAATGAGGTCAGAGGCGAGCTCCCGAAACACTCCAGGAAGCAGCACCTCGGGTGTCCAAGCTTCTGA,96,10820,10916,55.2
ATGGTCACCGTCTTCTGAAGGGCTGTAGGATCGAAAGTCACAGGCGCACCGGCAGCAGAGCAGCATGGCTAA,72,10937,11009,56.9
ATGTCCTCGGGCAAGTTACTTAACTGCTCTGTGCTTCAATTGCTGCTTCCATAAAATGGGGCTAATGATAGTTTCCACCTCTTGGTGGTTCTGTTAGCTGAGTCATCATAG,111,11072,11183,44.1
ATGGGGGCCCTCCGCCGTGGGGATGCCACTCCCTGGCTTGAAATGCAACAAGGGCTCCCTGTTGCTCTGATAGGACGCAGATCCTCCGCACAGCACCAGAGGCTCTCCAGGGCCTGGCTCCTCTTTCCTCCGGGCGTGCTCCTTGGTACTCACCATTACATCGCCCGCTCCTTCCTCAGCGCTGCCATTGCCTCGTGTGCTCGTCCCCGAAGTCCTCTGTCCACCTCACTCACCCTTAGGCCCCTGCGTCGGCCAGCACTTCATCTTGGAGAGCTCCTCCTTGTACTCATGTCCCTTGGCCAACTTGCCCCAGTCCTTCAGGACTCCTGTGAGTGTCACCTCTCCTGA,348,11238,11586,61.2
ATGGCAGGGTCTCCTCCTCCCCCTCTGCCGTCATCTTTCTTTTTCTCCTCCTCCTTCTTTTTCTGTTTCTCCCACTGGACCCCTCGTTCCCAGCAGGGCAGGCCTTGCCTCTGGCCATCTCAGTGCCTGGTTCTTGCAGATGCCCAGAGGCTGCCTGGGAAGCCACTCCCGGCTCCACGAGGGGTGCTGCAGCCTCAGCGTATACTTCGGTGTTTGAGAACAAGGTGA,228,11643,11871,58.8
ATGCTGCCTGGCTCACCAGAGGTGCTGAGTCCCTGGTTATGGAGCAGATGGATGGGTGTGTGAGAAGGTGAATGGATGGGTGTGTGTGCAGGTGGGCAGCACGGTTCATTCCAGCTGAGGCTGAAATCCCTCTTTGTCCTGCAGGCGAGGCCCCCTGGTCACCTGGTAAACTCATTCACCCGTGTCATCATAAAACCCTCCGACAAATTAACGGAAAACATAGTGACTTCTAGGGAGACCCCCAATGAGTAG,252,11949,12201,53.6
ATGCCTGTAATCCCAGCACTTTGGGAGGCCGAAGCCAGTGGATCACTTGAGTTCAGGAATTCCAGACCAGCCTGGCCAACATGTCTCTACTAA,93,12295,12388,51.6
ATGGTGGTGCTCACCTGTAGTCCCAGCTACTCAGGAGACTGAAGCAGGAGAGTCAATTGAACCTGGGAGGTGGAGGTTGCAGTGAGCCGAGATTGCGACACTGCACTCCAGCCTGGGCAACAGAGTGAGACTCTGTCTCCAGAAAAAAAAAAAAAAAAAAAAAGAATTGTACTCAACAGCAGGCCCTTGACTGCATTTGAGGTTACCCGGCTGAGAACAAGAAGGTGCTTAAACCAAGGGAAGATATTGGGTAAGGACTGTGCACTGGTGTCACCTTCAAAGGTCAAGAAGCAGCAGGATGTCTTTGTTCTTCATATTATCCATTTATTAGCTGACATATGA,342,12409,12751,46.2
ATGAAAACATGAACTATGTAAGAGGAAAGACATAGGCATATACTGAAAAGCTGTAAAAGAATCATGGTTTGGGATTGCACATGTCCTCTGGAGACTGCCTGGTCCCACTGCTGTTTTCAGTTACTGAACACTAGGTTGAGGCACAAGGGCACAGAGCAGCCTAGACACTAG,171,12810,12981,44.4
ATGCAAATGACCAGTTAACCCCTTTATAGTCTGTCCAGGTCCACCCAGTGCAGAAGCCCCAGTGTGCCGTTTAGTATTTGTGAGCAAGAAGACACATTCCGCTTCTTGGGGAAGGGCTTCCTTTCATCTTGGACGTTGGGGATTCACAGCAGTGGCTGTGTTGTACGTCCAAACAGGGAGGAGTGGCCCAGGCTTGCAGACAGGATCTCACGAGGTTCAGCCTTTCTGAAGTCGGTACTGTAG,243,13143,13386,51.9
ATGTGCCTGAAGAAGATTATGCTATTTTGGGCTCTGGAGACTTTTAAAAACAAATTAGAGACAAAGCACAATAGCTCTGGATGTCTGACTCACTCAGAAGCAAAGCAGGCCCACCTTCCACGCAAGAAGAGACCGAGGATGCAGACAGACAGGGTTCCCAGTGGGAGGACTCTGCCGCAGGAAGCAGGTGGCAACAGTTGTTTATTTTGA,210,13415,13625,47.6
ATGTCCACGGTTCTTCCCAGCACAGGTCATGTGGGTGAGGGATGAACAATGAAGCCACACCTTCTGGAAGCTGAGAGGAGGCTGGTGGGATTGGAGGGGGTGGCACCCCCAAACGTCCAATGCTGCCTGAATGTAGCGGCACTCAAGTCCTGCTGTGAGTAG,162,13647,13809,56.8
ATGGCTGCACTGCTGGCTTCCTGCAGCCTCCCACTCCGAACAGGACTTTGACATGACAGAGATTCGTCACTTGAGCAAACTTGA,84,13995,14079,52.4
ATGCCCACACTTCCCTATGAAATCCAGTTTTACCAAGAGCCCTGCTAAGTCGTTTTGGCCTGAAACCCCCACCTCCAATATCTGATTAGGTTCCTCATACCCCAGCATCCCCCAGAGGAGTCTGACCACCCCGGCCTACCTTCAGCAAGAATCCTGTTAGGTGACTCGAGCCTGAATCCCCCAGCCCCTGATGTTTCCTCCTAG,204,14113,14317,53.4
ATGGGTTTCTTTGACAGATGGGACTCCTTGGCCCGCACTGCTCAGCACTGAGGTCCAGCCTCTGACAAGCGAAGTGCAGGCCCCCGGCGCGGGCTCCTGTGTGGATGCTTCTGCACCCTCTGCCGCACTGGGCACCCGGGGCCCAAGCCCACCTGCCCTCTGAACCATTCTCCAGGTCAGGCAGGCAGCATGCAGCCTGTGAGCTCCCTGTGA,213,14473,14686,64.3
ATGTGCTGTGTCCTGTGGGCTGTGGGCTGTGGGCTGTGTCCTGTGTGCTGTGTGCTGTGGGCTGTAGGCTATGGGCTGTGTCCTGTGTGTGTGCTGTGTGCTGTGTGCTGTGTGCTGTGTGCTGTGTGCTGTGTGCTGTGTGCTGTGTGCTGTGTGCTGTGTGCTGTGTGCTGTGTGCTGTGTGCTGTGTGCTGTGTGCTGTGTGCTGTGTGCTGTGTGCTGTGTGCTGTGTGCTGTGGGCTGTGTGCTGTGTGCTGTGTGCTGTGTGCTGTGTGCTGTGGGCTGTGGGCTGTGGGCTGTGGGCTGTGTCCTGTGGGCTGTGGGCTGTGTGCTGTGTCCTGTGTGCTGTGTGCTGTGTGCTGTGTGCTGTGGGCTGTGGGCTGTGTCCTGTGTGCTGTGTCCTGTGGGCTGTGGGCTGTGGGCTGTGGGCTGTGTCCTGTGTGCTGTGTGCTGTGTCCTGTGTGCTGTGGGCTGTGGGCTGTGTCCTGTGTGCTGTGTCCTGTGTGCTGTGGGCTGTGGGCCATGGGTCATGGGGCTGTGGGCTGCATGCTATGGGCTGTGGGCTGCTTGCCAGGCACTTAG,582,15142,15724,61.2
ATGAGTGAGTCCCTGCCTTCAGGAAATGTCTGGTCTGGTGTGAGAACAGGCGCGTAGACACTCAGTCATAGTGCAGGCATTGTAGGGTTTGGCATAGCTACGGATCATACAGAGATCATCTCCTCATGTGGCAGCATGAAAAATGTCCCCCAAAGATGTCCACGTCCTCATCCCAGAGCCTCACATGGCATAGGGCCTTTTTGGGTGGGATTAATGTAA,219,15739,15958,49.8
ATGCCATCACAGAGGTCTTTGTAAGAGGCAGACGGGAGGGTCAGAGGCAGAGGGGGAGACAGAAGGAGGAAGCAGCGGTGA,81,16008,16089,58.0
ATGCTGGACTGCTGGCTTTGAAGACGGAGGAGGGGGCCATGGGCCAAGGATTGCCGGCGGCCTCTGGCAGCTGGGAAAGGTAAAGAGAAGGAGGCTCCTCTGGACCCTCCAGGAGCCAGTGCTGCTGACACCAGAATTCTGGGACTTCTGGCCTCTAGAAATGTAAGAATACATTTGTGCCATGTTGAGTCTCTAAGTTTATGGAGACCCCAATTTTGA,219,16104,16323,53.4
ATGAAAGAAAACAGGGTCATGAGCTGGAGAGCAAGCAGAAGAGGAGGGTGCACGTGGATACTTTAA,66,16380,16446,47.0
ATGGGTGAGGAGGGGCCAGCCCAGGGCCGTGGAGGTCTGAAAAGTCAGCGAGAGCCAAGGCTAGTGTGCAGTCAGCAGCACAGTCTGAGGCTGTGCCCAGAGCGACTGGCTCCACCCCCTGTCCTGGTTCAGGTGCTTTTGTTCTTCTTATGGTCCAGCACCAGATGTCATCCCATGACCCCCAGCCCAGAGCCCCGCCCCTGA,204,16490,16694,61.8
ATGGTCTGGCCTTGGGAGTGGGGGGTCCAGCAGAGCTCCCCATGTAGTAAAGAATGTGGCCTGGCCTGCAGAGAGGTCTGCCCTTGTCCTCGGCTTCTGGGAGGGGCTTTGTTGAGACTGTGGCGGTGCCAGATCTTCAGGTGGGGTTGA,150,16765,16915,60.0
ATGCCAGAAAGACCAGCCCCGTGGCTCAATCATCAATCAGTCTTGCACACGGAATGGAGCCCCGATGAAGCCCCGGACACTGGGACTCAGGGGAGCTCACCAGCTTGGTGGTGCTCCATGCCTCTTGTGACACCTCGATGCCAAGAATGTGACATATCCTGA,162,16917,17079,56.2
ATGGCTATGAGTAGAACAGCTTTCAGTGGACACTGAGTCTTTCTAGCAAGTTAGGAAACCTCAGGATGTTTGGGGAAATCCCCCAAGCTTTGCGCTTTGCAGTCCATGTCAGAAGTGCAGTTAATGGTCACCTGCATGAGACCAGGTCCCCTAAACTTTGCAGTTTGCCTAGCTCTGGGTAGACTTTTCCATCCTGGAGGGGTAACCCTGGGGTCTCGCAGGCCCAGCAATTCACTGCAGGCCCCAAGTGCTGACCTGCTTGGCTGGGTCTGA,273,17183,17456,52.4
ATGGCTTTGAGTTTTCTATCAAATGTGAGAAAGTCAGCTGCACTGGTTGACCACCTCAAAAATGCAAATTGGTGTAATTTCAGTCAATACATGCGCACTGGGCATTAA,108,17557,17665,39.8
ATGCAAATTTCCTGCTGTGCAGAGAGCAAGAAAGTACAGCACCTTGTTTAGGAACAAAACTCAGGATGGCAAGAGAACCTTTCCTCTTCCCCAAATGGATATTAG,105,17667,17772,42.9
ATGCATCTCATGGCCCCAGCTTAGTCTGTACTGTTATTAAAAAACAAACAGACAGATGCTGGCACTGTGGCCAGCCAAGCAGGCCAGCCCTGCAGCCCCTTTAAATCAGAGGGAAAGATAATCGCTTCCACACCCTAA,138,17830,17968,49.3
ATGGGAGCAGAAGTGAGAGGAGACCTTTGGGAAGGCTCTGGAAGCCACACCGCCAAGGTGCACCCAGTCGAGGCGAGGGGAGAGCTCGGAAGCCCAGGCCCAGACCTGTCCACACCTGGGTTGCGCTGA,129,18054,18183,63.6
ATGAGCACCTGGAGGTGACACTGATATTTCTCAACCAGCTTGTGTTTCCAGAAAGGTGCCCTCCACTTTCCTGGCCTGGTCTAA,84,18264,18348,50.0
ATGTCAATGTGTGAATATCTGACCTTGTCCACCTGCGTCTCAGCTCCTGTGGGCAGGCGCCAACTCTGCTTTGCTTCAACCTGTGCCTTGCACAAAATGTGTTGCAATGAATGA,114,18426,18540,49.1
ATGAATGAATGAATGATACCCATCTCCTAATCTGTTCAGAAACTCCGAATAATGATTTCTAGATTCCAAGGTCTAGTCTGA,81,18540,18621,35.8
ATGGGCACCCCGAGCTCCTGCAGGGACAGGACATGGGTGTCTGAGCCAGCTGTCTATGGTGTGAAACAAATCACTACAGATTTAGAGGCTTAA,93,18664,18757,51.6
ATGGTGGCTTCCTTCCTCAAGGCCAGCAGAAGAGAGAGCCTGGGACTCTGGCCCCGGAGGGCCCTCACCTGA,72,18937,19009,63.9
ATGATTAGGGACTTTAATGATGCTTACAAAAGCCCTGCCCCTTTGCCATAGGCTACTGGCTTGGAGCAAATCACAGATCCAAACGTATGTGAGGGTGGACATGCCCACGGGGCCATCTGA,120,19060,19180,50.0
ATGGGGTGAACCCCACGTCCTCCTTGGCCAGGCTACCTGGCCTGGCCCCTCCTCCACCCCTAACCCTAG,69,19251,19320,66.7
ATGGCACCCACCCAACCCAGGCTGCCTCTCTGCCTGGAAGGCCCCTCCCCCTCCCCCAGGGCCTTGTTCCTCCCCACTCCACATCCGAAAGCAAAACCATCCCAAATGTAG,111,19374,19485,62.2
ATGGCCTTAGCAAACGGACACCACCCGTCGCTATCCTGTACCTGGCCCTGGGCGGCCGTCTGGCAGGACTTTCTGTTTGGTTCCTGTGTATCTGGGGAGGCCGGAAAGGACAAGCAACACTTGCTCACCTCAAGAGGAGGAAGGTCTGTGCTGGGCCGTGTGCTCACGCTACTTATCCGGAATCATCTTGCCTCCCAGGGTGGATATTGTTTCTCATTTTAG,222,19655,19877,55.4
ATGAAATACAGGATGTCCAGTGTAATTTAAATTTCAGATGAATGAATGAATGAATGGTGCCTGTCTCCTAATCTGTCCAGAAACTCAGAATAA,93,19935,20028,34.4
ATGTAAGCTGAAGAATAGCTCAAATACAGCAAGGGCTATACTTACACTAACACAAGCTCGTTTATCTGCAATTCAGATGGAACTGGGCACCTGCCTCTATCTGCTAAATCCGGCCACTCTACCTGGGTCACACAGCTAGTAACTGACACAAGAAAATGA,159,20218,20377,44.0
ATGCCGGACATCAGGCTCTGGTCCTCTGGTTTGCTATCTGCCTGGTGATAGGGACCTGTCACCACCTCTCATTCTGCCTCGCTCCACTGGTGA,93,20394,20487,57.0
ATGCCTGTGCATGAGTCGGACGAGACAGCGGGTCCTTGCTGTTGCAGGGATGGCTTTCCTGCCGATGTTGTCCACACTGGCTCTCGCTCTGTAGTGCAGGCTCAGCTCCCTGCCTGCAGAGGCTGCCCCCGCTGGTCCTTTTTGGAAGGCCTCACCCCCACACCTGCAGCCCTTGTTCTCTGCCTTTGCTTTTTATCAATGCAGAGCGGGCCTGGTACATGA,222,20532,20754,59.0
ATGATTCCAGTGATCCATCTGCGCTGGAAGTGGGGCAGCTTTTCCTCCTTTGCACGTTACCGCCCATATTAA,72,20783,20855,50.0
ATGTAAATGATTAAGCCGATGAACAGTTTTATTTCCTCCAGCAGCTGACAATTCCACAAAATGGAGAGATTTTAA,75,20863,20938,34.7
ATGGGTCACTTGTTTCTGTAGAGCCCATGCCAAGAGTCTCCTGGCTTGGGACAGCTGGCCAGTCCCCTGCACTGGAACATCTCAAACTCTGTGCTTAGAAGTTGGAGACAAAGAGCTGCTCTGTTTTTCAGTCAGTTTTGGACTGTTTTTATGTCTTTGTGGGTGGTGAGAAGGTCTGGTCTTTACATTTGGAGTTGA,198,21071,21269,47.5
ATGCCCAGTCCCCTGTCCATCCCCTGCCCTCACCCTGAGACTTGCTGAGCAAACTGCACCTGGCTGCTGCACTCCACACCTGGCCTGCCCTTCCTTGTCTTAGTGCACTGCAAGCCTACTTACAGGAAAAAAAAAATCTGA,141,21497,21638,54.6
ATGGTGTAAATGCTCCCAGCTGGGCCAATTTAAGCCACTATCTGTGTAACAACCTGTTCACAAAATTCCTGA,72,21660,21732,43.1
ATGTCTGTTTTGTCTCTTCTGGACACTTCCTCCCAGAGGGCAGGGCAGGGCCCACATCTGCTCCATCGTGCTTGCATCTACAGGCCAGGCTCTTCGCACTCCACAAACATTGCCCACCTTGGTGATGCATGCTGGGACTGCCATCCCCAGGTCCAAGGGCTCACCTTGCCCACCCGCCCCTTCCACCTCCCACCTCCTCCTCGGGCCCCGGCAGCATAG,219,21833,22052,61.6
ATGTTCTCGGCACTTCATGTTATAATTATCTGCTGTGGTCCCTCTGCATGAGTGGCAAGTCTGAGGTCTCATTCAGACTTCAAAACATGCACCAAGAAGCACAGTGCCTAG,111,22209,22320,45.9
ATGAAAGAATGGAATCTGCCCAGGCTGCAAACACGGCTTCAGGGGAGTGGGAGCCCATTGGTGGAAAACCCCAGAAGCGCTGCTTGA,87,22349,22436,55.2
ATGCTCAGCTCCACGGGCCACGGTAGGTGCTCAATAAAAGCATAATTGGGGAATGAATGCAGGTGGTTCCTGGAAGACAGTGCCATTTATCAGCTCGTTACAGACCCAATCACCGTCGAGGGGAGGGAGGGGCAGGTTTGCTCCGGGTTTGCAGCTCCTCCTGTCAGAAAACCTTTGGAATTAAGGCATTGGCATTAA,198,22515,22713,51.5
ATGTGCCTCAGGGAGGTATTGATTTATTTTTGGTTATAAGTGAGAGTTAATACCGTGTTGGTGGCTGCTCCCTGTAGATGTGGGGACATGGCCTTCTCCTGGAGGCAGCAGAGATATTTCACACCCAGAGCCTTCATCTCCAGGGAGACTCGGGCACTCTGTGAGTGCAGGAAAGAGCTTGGATGGAGCTGCAGCCCAGACTTGTCTGTCACTCCTCGGGAGGCATGA,228,22797,23025,52.2
ATGCCACTCACTGTGGAGGACCACGGGCTGCAGCAAAGCTTTAAAGATACCCCAGGCCCCAGTCTCTGCTGCCCAGCCCAGGCCTGGAGCCACCTCAGAGTGAGCCACATGAAGGCAAATGCAGGTGGCACCCAGTGGTCACCTGGACGTGGATTCTGGAGTCAGACACATCCAGGTTCCAGCCTCCACTCTGCACATAGTAGCTGCGTGGCCTGGGCTGAGTTAGTGAGGGCCTCTGGGTTTCAATTTGCAAGAAACGGCGTGGGAGTCAGGGGTAGGAGTGGGGGGATGTTACCTGCCCTGGTAAGCATGGTGTTTGTACAGCGTCCCTCCCTGCGAGAGCCATGGCCTTCCTCTCTGTGGGTTCTTGCAAGAGTGTCCATTAGCTGCCCCATTTCACCCTGGCAGCTGCAGGCTGGCTCACAGGGAAGCCTCCCCAATTTCTCACTTGTAGTTCTCTCTTGTAGAATGTGCCAGAAAGTAACACCCTGA,492,23039,23531,56.9
ATGAACTGGCTGGAATAGCCCAGGCTCTATTCCAGGCCCACCGTCCCCCAGAAAGAGATGTCCTTTAGCTCAGTGGGGCCTGTGGCCCTAAGGTATGAAACCCAGGGCGGGCTACTTTCTAGGGTCCTTCAGCTGCGGTGCAGGTGGGGCCCGAGCCAGGCTGGGCAGCTTTCGTGA,177,23538,23715,60.5
ATGAACTTTCAGCTCTGCTGCCTCTCGATGCCCATCTAGGAGGTGTTGAGCTGCTTCATGTAACCTGTGTGA,72,23736,23808,50.0
ATGAGAGCTGTGGGGGATGCTTCTACAGGTGCAGTGGCCCTCTTCCCCTTCCTCCTGATTTCCTGCTCCCCCTTCCCATCAGCCATGGCCATGCATCTGCCAGCAGCTGGACACTGGGCAGAAGCAGTGGATTCCACCTCCGGGCCTGGCCAACCAAACCCTCTCAGAGGACACCCCCATGGGCTTTTCTGTTTTGGTGGCAGGGATGGAGATGGCCTTCTGGGTGACCTTGGGAAAAGCCACACATGGAAGGAGTGTGGGCCCATGGATCAATGTCTTGGAAAACCCTGGAACAGTAACTCCTAG,306,23951,24257,57.2
ATGGCAATCTCGCCAGCCCATGCAGAGGCTGAGAAGAGTGAAGATCCCACGGAGAGGAGGCAAGCGAGAGGGAGAGCCCTGGCTGTGGGGTTTGGGCTCAAGGAGGTTTGGCCCCTATCAGGGGCCGGCTGCACCCCAGACCACCAGGCACTCTGGCAGGTGGATTTTCTCTCTCTTTTTTTTTTTTAG,189,24367,24556,57.7
ATGGGGAAAATTTGCCCCGATGGTGGAGGTGAAGCTCGCAGCACTATGAGGAGTTGGTTCTCATGGACATTATTCCCTGTCTTTTCCCATTGGCCTAGAGAAGCAGCATTCGTGCAAGTGAGAGTGACAGAAGGACGCTTACTCACGGCGTCCAGCCCGGCTCCCTAG,168,24605,24773,53.6
ATGGGCCAGGGCCACTCACAGAATCTGGAGGAGCCATGTACAGCTATGGTCTCTGTAGAAATAGGTGGTGTGGGGGCAAAGCTGGGGACAGGAGGTGGGGAGGAAAGCAAACCAGGTGACTGTGCATGTGTGTCCCTCGGAACAGGGCGGGTGGAAGGAGAATCCGCTTTGGAGTCTGGAAGCACTGGTTTGCTGCTCACCTGCGTGGGACTCACTTGTTGGAATGCATCTTCATGA,237,24836,25073,55.7
ATGACAGATTCTAACTCAGTGGGTCTGGTAAGGGTTCAGGCATGTCTGTTGAGGCCCAGGCTGAAGATGGTTTGTAAGTGCAGTCGCGGCGGCCCCCAGGTGGTGCTGGGTCAGCTACCCCGTATGGAGTGGCTGGATGAGGGGAGTGTCAGCTCTCTGTTCCTGGGGCTCATGGAAGATGGGACACCCCTGGGCAGTGTTAGTCGGTCATCCCTGTAG,219,25082,25301,58.0
ATGTGTGTCAGATTTTTCATTTTCTAAACAAGTTTACTGTGAACATTCATATTAAAATAAGCAGGACATGGTCTGGTAGACTCTACCTTGACCCCTGGTTTCGGCAATGATCTTGTCCACTAG,123,25350,25473,38.2
ATGAGACATGTGAGTGAGCAGTTTTTAATTTAACCTGTGGTTCCAGACCACTGGCAAGGACCAGTTAAGCTTGTTTTCAGCTCTTTCCAGACCCAACAGCCATGCCTCCCTATCCAGGACTGTACCTGGGCACCACGGAGGAAGCTACTCAGACATCAACCCAGGTAG,168,25476,25644,50.0
ATGTCCCACGTTACTGCCCCCTGCCCACTGTGGCCAACACTGGGTGGACAACTCTGCTATGGCCCACGCCACACCTGA,78,25680,25758,61.5
ATGCAATGAAGAAATAGAGGCTGGGTAACCCTAAACACAGACAGGGAGCTGCTGCGCACTCTTGCTACAGGTGATCATCATTGTTTTGTGGGATGA,96,25823,25919,46.9
ATGCTTTTAAAATTTTTTAATAAACTCATTTGATAGCAATGAGCTAAAATAATGGAAGTACGTGTTTAA,69,25953,26022,23.2
ATGACAAAGGTGCAGCTTGCACAAAATACATATTGGCATTATTTTGACCTCAGAAAAGCCAAAGAATCATCATCTGCTAGAGAAACAGCCACATCTACTTCCAAAGACGGTGGTCGAAGGCTTTGCTGA,129,26059,26188,41.9
ATGCAGTGTGTGGCACCAGAAGGTCAGAGCATGGTTTTTCATTTAGATCAAATGCTGCTCTTCTACTCTCAGCTCACACTTGGCAGCTAA,90,26198,26288,45.6
ATGTGCCAGCACCACTAGCAGAAGAAAAACTCAGTAAACAGTCATTGAAGCCAGTTTCGAATGACAACATCTGATACTTCATAG,84,26330,26414,40.5
ATGGTGAAACCCCATCTCTACTAGAAATGCAAACATTAGCTGGGTGTGGTGGTGCACGCCTGTAGCCCCAGCTACTTGGGGGGCTGA,87,26578,26665,54.0
ATGAGGACTACTGCAAATTCAGTTAAAAGGTTCCACACTGAGGCTGGGAGCAGTGGCTCACGCCTGTAA,69,26814,26883,49.3
ATGGTGAAACCCCGTCTCTACTAAAAATACAAAAATTAGCTGGGCTTGGTGGCGCACGCCTGTAATCTCAGCTACTTGGGAGGCTGA,87,26954,27041,48.3
ATGAAATTCCTTGTTTCATTGTAGTGGTCACATATGGACATACTAGATAACAGTTTCTGGGTAGAAGTGATGTTCTTATTATATGAAGATACCTACGGAGCAAATATGAACCACGCATGGGTTATAGGGCACCTTCATTCAAACTTGTGTCCAACAAGTTGGGATAATCTAACAATCGAACAATATAAGTCGTAG,195,27175,27370,36.9
ATGCATACAGTTGGAGTAGCCGAATTACAACACTTTGTGACAAAGCTGATTTTGTCTTTATTTTATTTTATTTTATTTTATTTTATTTTTTTTGAGACGGAGTTTTCCTCTTGTCCCCCAGGCTGGCATGCGGTGGCGCAATCTCGTCTTACTGCAACCTCCGCCTCCCAGGTTTGA,177,27394,27571,40.7
ATGTACCACCACACCTGGCTCATTTTTGTATTTTCAGTAGAGACAGAGTTTCACCATGTTGGCCAGGCTGGTCTCAAACTCCTGACCTCGGGTGATCTGCCCCCCTTGGCCTCCCAAAGTGCTAGGATTACAGGTGTGAGCCACCGCACCTGGCCACAAAGCTGA,165,27615,27780,53.3
ATGCCCTCTCCCTGTGCCCATGCTGAGGGTGATTCTATAAACCAAGCCCATAGAAAGCTGCCTTGTAAGTCAACCCAAGGGTCCTACACTGCAGTGAGACCTTCTGTAAAGGAATCCTCTAAATTTTGGTTGCACCAAATAATTTAA,147,27813,27960,44.9
ATGACAACAAACTTCAGCTTTTTTTTTTTTTTTTTTTTTTTTAGACAGGATCTTTTTCTGTCACTCAGGCTGGAGTGCAGTGGCACAATCACGGTTAACTGCAGCCTCAACCTTCTGGGTCCAATCAAACCTTCCACTTCAGCCTCCTAA,150,27980,28130,40.7
ATGTTCCAGTTAATTTTTGTATTTTTTGTAGAGACAGAGTCCCAGTCTATTGCCCAGGCTGATCTCGAACTCCTGGGCTCAAATGATCCTCCTGCTTTGGCTCCCAAAGTGCTAGAGTACAGGCATAGGCCATCTTGCCTGGCCTCAAACTTCAGTTTTTAA,162,28148,28310,45.1
ATGTTGAAGACAAAGCTTGCAAACAGGAAGACATTAAATATACCCCTTACAAGTGAGGGAGGGATGAGATAA,72,28329,28401,38.9
ATGAGTGTCCTGACAGCATATAAGATTTAATTTTGAAATTATGTAATTTTGCTTCAGAATATCTCAACGTATGGAAGGCATCTTTTAATGAAGCCCTATTTTTAA,105,28409,28514,29.5
ATGGGACAAAAATAAAAGATGTACAAGTTTGCTGTATCTAAAATTTAAGAAACATTCAAGAGAAACTTACAGAGAAACAACTCCAAGATAGACAACTTATTTAATGAATTTTCTCTTGTAAAGGTATCTGAATGGAGCCAAAAAACCAACATCTGGAAGTGCATTTGGGTGAAATAG,177,28541,28718,31.6
ATGGTTACGGTCTAACAGAGAGGAGTCAGTTTAAGATGTCAACAATTTCTAGCATACTAACCAAAAAAAAAAAAAAAGCAACTTTGA,87,28824,28911,32.2
ATGTTAGGACTCTATTGAAAAGAAACTCCTTTAGAAAAATTTCAATGGATTCACCAATATATTAAAACCAACTTACCAGTCTCTCTCTATATTTATATATAA,102,28947,29049,26.5
ATGTTATATATTATATATGAAGTAAATATATATCTAATTAAATAATAAATTAAATATATATTCATTATATTTATTAAATATAATAAATAA,90,29052,29142,5.6
ATGGCAGGCCAGGCGCGGTGGCTCATGCCTGTAATCCCAACACTTTGGGAGGCCTAGGCAGGTGGATCACCTGAGGTCAGGAGTTCGAAACCAGCCTGGCCAAAATGGTGA,111,29193,29304,58.6
ATGATTACTTTTGTACCAACTTCATATATTTTTTAATAAATTTATACAATAAATATATATGCTGTACATATTATATAA,78,29525,29603,15.4
ATGTATATGTTACATATTTAATTATATAATAGTTAAATATATAATATATTTTATGAAATATATATTTAA,69,29604,29673,7.2
ATGTATCTTATATATAAATAAATAAATAAATATATATTCATTTATTTTCAGTGCCTGCTTCCCTCTATAAATTGTCCTCATTTGGAGAACACTTGGACACAGGGTGGGGAACATCACACACCAGGGCCTGTTGTGGGGTGGGGGGAGGGGGGAGGGATAGCATTAGGAGAAATACCTAATGTGATAATAAAAAAAATAAAAAAATAA,207,29681,29888,36.2
ATGGCAGATTGAATGATTATCCTACAGATTATCTAAGTGTGTCTAGAACAGACGTTTTCAAACTTTAGGTTTTCCAGGATGGTTTATTCCCTTCTGATGCATGTGGTCTAA,111,29925,30036,36.9
ATGTATACATCCAGGTGACCAGCACCCACTCAAGATAAGGAAGGTTCCCATCACTCTAAGAAGTGGTTTTGTGCCCCTTTTGCAACTAGTCCTGCCTGCAGAGGTCACCACCCTTCTGATTTCTGTGGCCGAAGACTACGTTTGCCTATTGAGACCCACATTCTGAGAAGCTCAGGTCTCTGGTCTTTGGAGACCCTGGGATAG,204,30103,30307,50.0
ATGGGGGAGATCACAGGCAGGGGGGTCACAGGGGCTGGCCTCCCAGGGGCTCGGCCTCCCAGGGGCTCAGCCTCCCAGGCCTGA,84,30456,30540,72.6
ATGAGGAAAGATGCCCGGTGTTGGTCCTTCCCTTTAGAGACTGAGAAGTTTGAGGGTCTTTTCAAGAGGAGAAGGTCTGGGTATCAGAGCACTAAAGGTGCCCACCGAGTTTCCAGGGAGGACCAGGCAGCACTTTGGCCAGATGGCAGAGCCCAGCCCCTGCCCAGCCCCTGCACGAATGCATTGGTGTCCACCTTCCTGCCCCACTGCCTCGATTCCTGCAATGTAGAGGTTGAGATCCAGGTGAGGACAGCAGCACCGACACTCAAGCCAGTACAAACCGAGGCTGGGGCAAGAAATTCAGCACACACCGAGCTGTGA,321,30714,31035,56.1
ATGTCCACTGTGAGGGGGGGACCTCTAGCCTCAGCGGGGCCCGTCACGAGTTCAAGGGCGGTCGGCCTGTCCACTGTGAGTGCTAACCATGACCATGACCCCAGTCAGGGCAAACGCCAACTCTGGGTGAGCAGCAAGTTGGAGGCGAGGGAAGGGATCACGACCCCACCAGATACTAAGGTATGGAGGAAACAGCTTGGGGTGACACCCCACTGTGGGAGCTCAGGAGGATGTGGGTCCGAGTCCTGGCTCACCACAGACCAGCTGTGA,270,31124,31394,60.7
ATGACAGCCCAGCCCAGGGTCACTGAAAGATACCAGGAGTTGATAAGGTGGTTGGCACAGGGTTGA,66,31427,31493,53.0
ATGATAAAGAATAGGGTCCCACTAGTGTGGGATTCTGTCTCCATGGAGGAACTGAGATGACACGATCTTATAGTCTGA,78,31533,31611,43.6
ATGTCTACTAGGTGTCCTAGCTGTACTTGTCTACCATGTGTCCCACCTGTCTGCTCAAGCTCCCTGCAATCTTCCTTCTTTAGACTGTGTGCACCCCATTGTCTGGAATTCTCTCTTCTCCCTGAAAACTCTTCTCCCTTCCTACTCCAAGAGGGCTGCATGCATTCCCGAGCACATGCCACCTACACACGTGTCCCACCCATCTGGGGCCCTCAGCTCAGGTCTACCCCTCGATGA,237,31779,32016,53.2
ATGTGAGTCGGCAGCCCTCCTTCACTGTAATTAGTTACTAATGACATGACGATTATGAGTCCCTGGGAAACGTCGTTTCACAAACTGAATGTTAGACACCCTGCATGGTAA,111,32112,32223,44.1
ATGGCTGAGGCTTGGATAAGTTAGACCACCTGAACCTGTGAGAAAGCACTGGCCCCCCCTCTGCTCCACCCTGCTTCCCCAATGGAGGGGTGGGTGAGCCCAACCTGCCTGTGCCCCCTCCTCGACCGGACCTCAAGGCCACCTCGGCCCACTTCCAGAGGCCCCTGTGCAGCAGGCCTGGCCTGTTAG,189,32251,32440,64.0
ATGGGGAGAGATGAGGGGCCCACTGTGTCTCGCCAGAAATCAGCCTGGCTGGCATCTGCGCTCCACACTGCCAGCGCTGCAGGGATTATTTTTACCTGCGATCGCTTGTTGAATGTGTCTGATAATGTATTTATAACGGCCCGAGTAACTCAGCTAGTAGCAACCGCCCTGAGAGACAAGGAAAATGGTTAG,192,32628,32820,51.6
ATGAGCTCCGCTGAAATGAGCCAATCAAAACAGCCTCTGAGTGGCTCCCGCGCAGCCAGGTGTGGGGTGTGGAGGCGGGGCAGGTGCCGGCTGGCAGGGCCGCCTGGTCTGCTCTCGGTACGATTTCTGGGACAGGATCTGGGTGGCCGGGGGTCCCTGTCCATTCCTCGGGCCCTGCCAGCAGTCTGTCCCCAGGCACCACACTGGGGAAGCCCAGCTATGACGGGGTGGCCCAGAGGACGATGCCAGCAGTTTGAACCATCCCCTGAGGAGTGA,276,32841,33117,64.9
ATGTGAGCGTCCCCCAGCCACCTGCCCATGGGCCCAGAACTCTCAGTCCCCTCCAACCCGTGCAGTGTGACCTGTCCCCTTCAGCCCTCATCCACCGCTCTGGAATGTCCCCCTCCTGCCCTCCCCATTGCTCTCTTTGCCAGGAACATTCCAGCATCTCCTTTCCCCAGTTCACCTTGTCTGTTCCCCCAGACTCATTTCAAACAGCACTCCCCTCCACAGGGCCCGTCACTGCCCAGCTGGGAAGAGGCCTTTGCTCTGAGTCCCAAAGAGCCACAGGAGGGTGCCACCCGAACTCAGGGATGGGCTGGGTCTCTAGACACCCTTCTGCTTGTCTGTTTGCTCTACTAG,351,33168,33519,59.5
ATGGGGACCTCCTGGGGCCTGAGGCCACACCTTCCTTTCCCAGGTAACTGAATTGTGTGAGGTTGA,66,33520,33586,56.1
ATGGCTCCCCAGTGCCTGGACCGTGGAGGCTGAGCTCAGTCCCCGTGGTCACGCCGCCTCTCCCCTGCAGCCTAG,75,33958,34033,69.3
ATGCCTGCCCTCCCCAGCTGCCCTCAGGGCCCTCCGTCCTCCGTAGAGCCTGGTCACTCCTGGAGATCCTGCCCCTCTGCCACACCCGAGCCAGGCAGATGCTCTCGTCCGCATGCCCGGCGGAGCATGTGTTTTAAACGCGGGAATGCATGTCGCTGTGTTTGCACCTCCTGTGTCGCACCTGGATCGTCTCTTCATGGGGAGGCTTGCCCGTGA,216,34128,34344,63.4
ATGGAGTGAGGCAGAGGACCATGTTCCCTCTCTTTTGAACCCACACTTACAGGGGCCCTGCATTCCACAGGCCGGGGCTGA,81,34348,34429,58.0
ATGGCAAGAGCTTGTTTAAGCCTTGTTAAGTGATTGCGGGCACCTGCCCCCGTGTGCACATGGCCTGACCTCATCCCTAGGATGGCTTTGTGGGGTTTAGCGGTTATTCTCATTCTGCAGACAGGGAGCATGGTGGAGACCATGTCAGGCTCAGGTGCAACCAGGCACTAA,171,34474,34645,53.8
ATGGTCTAGAAACCGAGCCCCTATTGAAAGCTGGAAGGATGTGATGTTGCAAAGCCTGCCAATAAAAAGTTTGTCTGGGGGTTTTTCTCCTGCGTCCAGATAATTTGGTGTTTCTGTCAGGGCCCAATCAGTGTAAAGGAAACACATGGTATATGA,156,34734,34890,44.2
ATGGTAACAAGGGACGGGACCAAGCAGGGCTTAGCCTGAGGACAGAGCCCCTGAGCAGGGAGGTCTTCTGAGGCTGCAGGCTCTGCCCAGAAGATCTGA,99,34920,35019,59.6
ATGTGAATTCTGAGAGTCTCAGGCTGACTTCAGAATCTAACTACTCTACTGTTTAAGTGGATCGCAAACTTAGTGGAATAA,81,35041,35122,38.3
ATGGTGAGTGTAAAAGCGATGGTGTCTGTGTCAGCACTCGGTTCAAACCGAGTCGTGGATGAGGCAAATTGGATCATTATTCATTTTATCGGTTACTTATTTTTAGAGCAATTTAACAATTACATGTAA,129,35146,35275,37.2
ATGAAGGTGTAAAGAAGTCGGAATGAAAGCCACTAGCACGTGGACTAGTCCATGTTCTAGAGTCCTGCGGATAACCAGGGCCTGTGTAGATGCCATGGAGCCCCACAATCCTTTGTGGGGCTGGTGGGGCAGGAGGCACAGGGAAAGACCCTCCCAGGAGAGACCCCAACCCCATCCCTGGACTCTGCAAGCTTCTCTGATGGTGATGGTGTGTCTAGGGGATGGGATCATCGTACTGAACCCTCAGAAAAGAAAGAGACATCAGCCCAGGAGCCCTTTGCATCCTCAGGGGAAGCCTTCCTGATATGGGCTTCTGGACGGAGGTGTGCTCCTGACTGTTTCTGA,345,35438,35783,54.8
ATGCCCAGGAGCACCAGGCTCTGCTGAGAAGATTCTGACCTTGGTAGTCAAGGCGGCTGTCATGGTGTACCGATCCTACAGAGAGATTAA,90,35811,35901,52.2
ATGTCTGTCTTATCATGGACCCCATCAGGCCTGTGCCCGGGTGACCCTGGGAACCGTCTCTGGTTTCTCACTCACTGTGTCCTTGCAGGAGAGCCACTGTGGCTGGCTGAAGGGATCCAGGGCACATTTGTGTGGAGGAGCGGGAGGAGATTGCCCACCTCCCACCACTGCTTTCCCTTCTAA,183,36013,36196,57.9
ATGCTGGGGAAATGACAGGTCATTGCCTCCAGTTTTATTTGTTGGGAAAATGGAGGAAAGTGCTACAGATTGTGA,75,36200,36275,42.7
ATGGAGTGTCATTTGATTGTCTCTGCTGGCAGCGCTCCCCGGAATTGCCATTTAAATTATTCAGCGTTTTTAAGCACCGTTGGACTTGGGGTATTGTCAGCTGCACAGGGAGGCCGAGTGTGGGGCTGCCTCAGCCCCGGCAGCTGGATGACGCGTATTCTCCTGTCATGGTATTTCTAA,180,36389,36569,52.2
ATGGCTGTGGCCCTGGCCCCAGGGATCCATGCACAGGAGGGCACATGGCCTATGTTGGCTCCACTCGAGGGACCTCTCACCACCTTCTGGGAGGGGTGA,99,36714,36813,63.6
ATGGGCAGGGGAAGAGAAGAGCACTGGCCCAGGGGGTCGATAGTCATTAGCACTGGTGAAAGGAGAGTCAGCCTCAGAATGAGACCTGAAAGCAGGAAGAAGCGGTCAAGCGCAATCAGGTGGAGTGGGGCATGA,135,36843,36978,55.6
ATGCCTACCTGGAACCTAGAATGTGAGGTCTTTGCAGAGGTCATTAGTTAAGACAAGGTCAGCCGGGGCAGTGGCTCACACCTGTAA,87,37002,37089,50.6
ATGGTGGCACACACCTGTGGTCCTAGCTACACGGGAGGCCGAGGTGGGAGGATTGCTTGAGCCTAG,66,37206,37272,60.6
ATGAGGTCATACTAGAATAGGGTGAGCTATATGTGCAATATGACTGGAGTCCTTATGAGAATAAAAAGAACCTCAAAGAGGCTCACTGTAAAGACGGCCATGTGA,105,37352,37457,41.0
ATGAGGCAGAGATGGGAGCAATACAGCCACAAGCCAAGGAACAAGAAAGATTGCCAGGAGCCATGA,66,37460,37526,50.0
ATGAGAGAGACTCAGAGGGAGCCATCCCCAGGGCCTTTGGAGGAGGGATGGGCCTGCCCACAATTTGACTTCAGATCTCAGGCTTCCAGAACTGTGAGACAACACCTGTTGTTTCAAGCCAAACAATTGAGTTATGTTGTTACTGCATTTAGGGAACTCATCAAGAAGTATAACTGGGCTGTGGGTGTTGAGGCTTTCCCACCCCTGGACCAGACAGTGGAGTTAACTGGGCTTCCAAATGCCCTGCCTTGCTTCAGCCAGTTTAAAGTGGGTCATGGTGAATTGTGA,288,37532,37820,49.7
ATGGACACAGCCTCCACAACAAGCAAGGGAACACATCTGGCTGGGCAGGAGTACGAAATGTGCATGTCAGTGCAGAAAAATCTGTACCTCAACCACTCAGTGAACACATCCCAGACCCCTCCCCAGGCTCCCTCACAGCTCAAATAG,147,37834,37981,52.4
ATGCAAGCTACATAACTACAATTCAGCTTACTACAGAAAAGCCACTGCAGGAATTCACAGATGGCTTGA,69,38033,38102,40.6
ATGCCTCATATTAATGGATTGGGGAATATAAATTATTTCTGAGTGACATTTTAATGTACTACATATCCCTTCAATCTAAATTACCAAAGTTTATAA,96,38169,38265,27.1
ATGAAGAAGCAAATATTTAGCTCCTTACTGCTAAGACCATGAAATCACTTTTCAAAGGGTGGAGCTGAACTTGACCTACTCACTTCTGTTGTTTAG,96,38282,38378,38.5
ATGTGCCAGGGTTTAGACTATACATTTTCAGGTGTCTTTTCCCAATTTTCATAACAACCCAATGAGGAACATAGTATCTGTCTATTTCAGCTCAGGAACTAG,102,38428,38530,38.2
ATGTGATTCTGTTTGGTTCTAAAACTCATGCTTTTTCATTTCTACCAAACCATGCTTCATCGCTACAGGTTTAAAAGGACAAAAGGCCCAAAGTGGTTACAGCCTGGCCTAAGGTCACAAGGAGGGTCGGGGTAG,135,38585,38720,44.4
ATGGAGTTGAAGACTTGCCTGGTTGGTTCTCAGCTCACCCTCTATGCATCCCTTACTCTTCCCTGTGTGTGCTAA,75,38728,38803,49.3
ATGTTAGGTAAGACTCTTAATACTCAGAAGTAATCCTCAGAAAACTCATTTGCATTTTGTTTTCCTAACAAGGAAAATGGGGCAAGCTTCACCTTGTCAGTCCTTCAGGGGAGCAAACATTCCAGAAGGAAGTAG,135,38804,38939,40.0
ATGGACAGCCCATGCACATGCTAGCTGGACCAGGAGGGAGGATGGGAGGAGGGAAAGTGGTACTCCGGGCCCTGA,75,39030,39105,61.3
ATGTGGCTACCTGAGCCTCATGCTGACAACATGTGCCCAGGGACAGCAGAGGGAGCAGCAAGGGGGCTGGCCCTGGGAGGCCCGAGGCAGGGGCAGCTGTCACCTGTGTCTTCTCCCAGGCACCCACAGGTTAACTGTGAGCTCACTGAAGAACTGCAGAGCATGTGTGCTGGTGGGGTGTGA,183,39106,39289,61.2
ATGCCTCCTGGTTTCTATCCAACTGCTGGGCCCCTAAGGTCCTCTCCTTCATGCTCTTTTTTTTTTTTTTTTTTTGAATCCTGA,84,39360,39444,41.7
ATGTCATGCTGCTATTATGGGCGGTTTTGCCCAGCCTGTGAGACAGGCAGAGGCTCTTCCCTTGATCTACACAAGAGATGGCACCTGTTTGTTTAA,96,39645,39741,49.0
ATGCCACCTTATGTGACAGAAGAGAGAATGTTCCCTTTTATGGCAAAAAATGTGATTAGGCTAAGGATCTTGAAAAGAAGAGCTTATCCTAGATTATCTGGGCAGCCCCAAATGCAATCATGTGTATCTTTTTAA,135,39819,39954,37.8
ATGTGATGATAGAGGCAGAGATTGGAGTGATGTGGCCATCTGTGAGGAATGTCAGGAGTCCGCTTTGGATGA,72,40003,40075,48.6
ATGGCCCTGCCGATGCCTTGATTCTGGACTTCTTACCTCCAGAACTGTGGGAGAATAAATTTCTGCCGTTTAAAGCCATCAAGTAGGTGGTAG,93,40114,40207,47.3
ATGCAGACAGCACAATTCCATTTCTGGATCTGATCCTTCTGAGGCTCCAGGGGCCCAGTGCCTCTAGGTCCTAATCCAGTTCTCAGTGTTCTGGACATTCTCAAGGTCTTCTCGCCCTCCTGGCTTTCTGGGCAGCAGCCCCTTTTCCATGTCCTGGACTAG,162,40274,40436,53.7
ATGCCCATTCCTACAGGCAGGGACAGAAGAGGAGAAAGTGATGAGCTTTGGGTTCAGAATGGCCCACGTCTGGGCATCTCAGCGATTCTGGCCCTTGAGCCCTCCCCATCTTTTCCATGGGACTAA,126,40541,40667,54.0
ATGTCATTGCAGCCTCCATGGTATGGATGGTGAGGACTTGGCAAACTAGCAGAAAAGCCTCATAAAATGTCTATCCTAGCCAGGCATAGTGGCTCATGCCTGTAA,105,40752,40857,46.7
ATGGTGAAACTCCGTCTCTATTAAAAATACAAAATTTTTAGCTGGGCATGGTGGTGCCTGCTTATAATCCCAGCTACTTGGGAGGCTGAGGCAGGAGAATCACTTGAACCTCCGAGGCAGAGGTTGCAGTGA,132,40931,41063,47.0
ATGAGATGTGGAGGGTCAGGACAATGTGGTCTGGGCTGTACCTCTTGTACCTGTTGGCATCCTAGACCCCAGGAGCTCAGAAAGTGGTATATTTGCAGACTGCATCTGTAA,111,41255,41366,49.5
ATGAGGTCATTAGGGTGGGTCCTGACTGGCATCGTTATAAAAAGAGGACATGAGGATACAGACACACAGAGGGATGACCATGTGAGGACAGAGAAAGGTGATGGTGTCTACAAGCCAAGGAAAGAAATGTTGGGAGGAACCAACCCTGCCAACCTTGGTCTCAGGTTCCAGCCTCCAGGGCAGTGGGAAAATAAGTTCTGTTGTTGA,207,41384,41591,48.8
ATGATGTGCTAAGGGTGGGGAAGAACCTACCAGGCAGAGGCATGACAAGGAAAATGCCCCAGCAGAGACCCATCCACATGGGGTCTTGTGGGCCACACTAAGGGGCTTAGGTTTTGCTCTAAGAACTCAGGAAATTATGGAAAGATTTTAAGGAGGAAAGCGATGGATTTGGTTTACACTAAAAACAAAGAAGCCAAACAGAAGCCACTCTGGCTCCTTGTCGAGAGCAGGCTCTGA,237,41711,41948,48.1
ATGAAAAGCCGTGGGAAGATGGGTGGGAGCTACTGCAGGAATCCAGGACTCTGATGGGCCCACGATGGGGGAAGTGCAGCAGATACAGCAGGTACAGGGATCTCGAGCCTTGCAGTGACCCAGCCAGAGAGCCACAGAGCTGGGTGA,147,41951,42098,58.5
ATGATTTCCGAGTTTTGGGGTGGTCAGATTCATTGAAGGGTGGAAGAACAGTGAGGGACAATGCCAGGGCAGGCAGGAGACCAGGCTGTCCCTGGGACATGCTGA,105,42138,42243,54.3
ATGTATGGTGCTTTTTCAAGTGGAGAAGTCAAGCAAGCAGCTGGATGTGTGAGACCAGAGCCACAGGGAGGAGAGAGACATTTGTGA,87,42250,42337,48.3
ATGGGGTGATTTAAAACCATGGGGTTGGATGATGAAGTTAGAATGGGTGGAGATAGAGATGAGAAGGAGTCAGGAGGGAGATGGGGTGCTCTGATCTCTAAAGACTGA,108,42348,42456,46.3
ATGAGAAAAGGATGACCTGCTGTGCTAAATACTGCAGAAAGGTTGAGCATGATGAGGACAGACACGTCCCTTAGATTCAGCCACGTGGAAGTCCTTGGTGACCTTGAAGAGGTTAGGTTTTAG,123,42533,42656,46.3
ATGAGGATGGAATTGACCACATGCCAGGCAGGTTGCTGCTGCTGAGAATCAGGAACAATTCCTGGAATCCACTTAACCCACTGCTTGGCAGAGCATCAGTCATTTCAGCCCCCGTTTCTAAGAGCATGTTATTATCAGGTCATGCTTGAGATTCTTCCAGCCGTGAGGTCTGTTGTAAGCACCGGTATGGGCAATGTGCAAAAGAACCTTGTTCTCCAAGGGCACGCGCCCTCAATTTTCCCAAGCAGTTGTTGGGTTCTTGCTCAGTAA,270,42658,42928,48.9
ATGGGAGCTACATAATTAACATTCCTGTTTTCTCCTTTTCAGTGGTCTGGTCAGCCTCTGGGACCAGGACAAAGGCTCCCGAAGAAATGTGATAGCCAGAGGGGTCACTTTCCCGATCACAGAGCCTCACCTCATCATTAA,141,42942,43083,48.2
ATGTTGGAATGGCTGGAGTCACCCCTTACGCCCCCAATAGCTATGTTACAGACTACAGAGGATGTCTGGAGGCTGCAGCCCAGAAGCAGGAGCCCAGAGTTTCAAAGTCCCCTTGCAATGCTCCTGAGGGTTATTACATTAAGTTTGGAAGGTAAACCAGCAGGCTCAAAGGTTTCTCCGACCTTTGCATCAACATAG,198,43095,43293,49.5
ATGTTACTATAATTAGATATGTATACATACAGAGATTCCAAATTATGTTCCTGTGCATTTGTTAACTGCAAAACCAGAGCTGCCTGTTGTTCTCCTATGTGA,102,43318,43420,34.3
ATGAATTCTGCCATTTTTCTGTCGACAGAAGATGATTCAACTTTGAAAAACATGAAAGCAAACCCCTCCAGGGGTAGTACTTACTTGACCTTGAATGGGTACTAG,105,43492,43597,40.0
ATGTGGGGAGTTGTCCCCGGCGGGGCTCCGAATGGTCCCTTTCTGCAGTCAACTATAAAGTTCCCTGGAATGTCCCAGCTCCCAAGGCTGCATCTGATACCAAGCAAGACTGAGAATTGTTCCCAGACAAGAATCCTCATTGCACCTTTAGAAGTCCACCCACCCAACCTCTAA,174,43599,43773,51.7
ATGGGTCATGGGCCGAACACGTCACTTGAGACCCTCCAGGTTGTGAGCTGTGCCCACCTCACATGGTGCTTCCAATCCTCTTCCTTGCTTGCACTGTAA,99,43802,43901,54.5
ATGGCTGAAACCTTCCACCGGAGGCAAGTTTGGCTCTGACGCCAGAGATGCTGCTGACTCTATTTTTTGCCTTTTCCTGGTTGA,84,43938,44022,50.0
ATGTTTTGCAAGCCACCAGCCAAGTTGGGGTTTCAGTATCAGAACAGTTGGCAATCCTGCCCTAATGGAAAATGA,75,44024,44099,45.3
ATGGGAAACTTCTATTACCTGGTGGACGGGCTAATGCCTGGCTGTCAGACCCATGAGCAGGCGTCCCTCATGGGGAACTTGGTCATTCTGGTAGATGCCCGGGTGGCTTTTGTCTGA,117,44135,44252,54.7
ATGCCTGCCTGACTGTTGCTCGGGTGCTGGGAGCCTGGCTTTGCGTTCTCTCTGGCATCTCAGAGCCTGGGACAGCCCCTAGATCCTCCGATGGAAGGCAGAAATTCAATGCACACCACGGTAGGAAACAAGTTTGAAGACTTTTTACTTACAAATCCTGGGCAAGAAGGGAGCAGCGAGTTGGGGAGGGCAGTTCTCTGTCCTCCCAGGCAGAGACATAGTCAGGCAGAGAGAGAGCACGTGGCAACTGGCAGTATATATAAGGAACAGGGTGTGAGTCACTTTAAGATCATGGGCAAATGCTTGAATCGTCCGCTTAAGGGAAGCAAACAGGAAAGTGCTGGGCAGAAGAGATGCCTCCGGGTTCTTATCTCTGGGCACCAGCTTGAGCCATTTGGGTGTAGGGGAGAACTGGAAACTGTCCAGGGTGACTGA,435,44266,44701,52.6
ATGTAAGAATTGACTACAGAAGAATGCTAGACTCCCCTCAGGCCATGCATGCCTGCAGCCCAGCCACGCTCCTTGAAGGCAGGGCTGGCAACTTCCACCCTGGGTTGCCCAGGGCTTTGTATAGAAACTCCCATGCGAGAGGCACTTGGTAAATCATCCTTAGATGACTCAATTACTTAA,180,44745,44925,50.6
ATGCCATCGAAAACAAAGTGTTCTTTTTAAAGGTTTTCATGGGAGGTGTTTCCTTTCCCCGAGTTTTAG,69,44988,45057,39.1
ATGAATCTCCCTCTTGCTGTCTGTATCTATGTGCTTCTTTCTGTTAAGGTTCTGCCATGAGCCATCTAG,69,45146,45215,43.5
ATGACACTGTTGGGTGCAGCTCCTTTTCTTTCATACAGAAGACTGCTAAAAACAATTGGAAACCTACCAGGCTGA,75,45273,45348,42.7
ATGTCCACCTAAGGGAAAGAAAACCATTCGTCCTCAGGAGAGTTCTTTCATGGAGGCCTGGACTTATCCAGGATGATGCCTAGTTACAGCACAAAGGCTGGGGGCAGGGTGTAG,114,45502,45616,50.9
ATGAGCTGGCAGCAGAGGCTGTCCCTTTGTTTCCAATCTCTATAGCCTCTTTGTCCTGTAGAAATTCTACTGTTTGTGTGGAATTAA,87,45676,45763,42.5
ATGGAAATGCATGCCTGTTTTGGGGTGATTGTTTGGTTACCTGGGAGCCCTTGTTTTCAGAAGGGGAGTGAGACTGCCTGGGGATCCTAG,90,45770,45860,51.1
ATGGGTGCATTATTGGGCCTGCCAGGACAAAGCAGCCCCAGATGGGAAGATATTCTGACTGCAAATGGCCCAGAGAGAGGGTGTCACAGCCCCAAACACACTCAGCCCTGGGGCTGA,117,45976,46093,56.4
ATGTTTCCATCAGCAGCCAGTGAACCTGGCAGGAATATGATGGATGGGAACTGAACAGAAATCACTCCATTAGTGCCGGGGAATTTGGTTCATCAGAAAGCAGCAGGGTGTGATTTTGTCCATTTGTTTGAAGTCAGAAAGGAGAAGGCAGGGAAGGGGGTGAGCTGA,168,46240,46408,47.6
ATGGCAGTGCTGGGGCTTGAATCCAGAGGGACACTGGCTCGGGGAGGACACAATCTCACCACTCATGTGCCTGCATTCTCTTTGCATCTGTCCCCTCCCTTTTCATATTTCCAAGTGACTTCAGGACCCCACAGCCATCTTGATGCATGA,150,46522,46672,52.7
ATGATTTGGGCAACAGCAAGGGTGGAGTGTTGTCCATTTACTTTTCTTTGCCTTTTCTCAACTTGGTTGGACCAACAGAGCTGTGCCCCACTCTCATGTCTGAGCTTGTTCTGA,114,46677,46791,46.5
ATGAAAGATCACCAACCCAGCCTCCAAGTAGCCACGGACTCACCCACCCAGGACGGTGAGCACTCACAGTCAGAAAGATCACCAACCCAGCCTCCAAGGAGCCACGGACTCACCCACCCAGGACGGCCAGCACCCACAGTCAGGAAAGATCACCAACCCAGCCTCCAAGGAGCCACGGACTCACCCACCCAGGACGGTGAGCACCCAGCAGCACGTGATTGA,222,46799,47021,60.4
ATGACAGGTGGGCAGCTTGGAAGAAGACAGAACTGAAGAGGGGCCGAGAGCCACGCTGCTGGTGCCAGAGAAACCTTTCCCTGGGCCAGAAGGGCTGGGAGGGGCAGAGCTCCCACCCATCCATCCTGA,129,47073,47202,61.2
ATGTGCCTGCTGTGCCACCCTGGGCACATTTATCACCCTCTCTGAGCCCCAGTTTCCTTGTGGGCTTTTGTGAGGGTTGATAGAGTTAATGCTTGTGTGAGACCTGGTGAGTCTCAGCACCAGGTATCGCCGCAATAA,138,47263,47401,52.2
ATGTTCTTTGCAGGCCCTGTGCAGGGCTCCGGGCTGAGGTGGGGGCTCTGGGGCTGGTGTCTGTGCCTCAGGCACTGGAGAACCGCCCGGGACATGGGAAGATCCCAGGAGCGGCTGTACCTCCTCTACCCAAGCCTGGCCCCAAGGGGAGGAGGAGACGTGTTCTTTCCTCTGTGA,177,47409,47586,63.8
ATGAGACGTCTTAATCATACCTAAGCAAGAGCCACACGATCTTAGAAATCCCCGGTGAAATGCTCCACACGCTGGCAAGCCCGGAAGCAGCGCATCTTCCGAGCTAGGCCCTGTGATGGGTCCTGGAATCCCAGGAGGGAGCTTCACTGTGGCTGA,156,47597,47753,55.1
ATGCCGCGGATTCTGTCGGAACACAGTAGGTCCGGCATGGGGCCGCGCATTGTTAAGGAGCTCGCAGGTGGCCCACACCGCGCATTGTTAAGGAGCTCGCAGGCGTTGGTTCTGCTTGTGGGGCAGTGA,129,47921,48050,61.2
ATGCACTCAGCAGACCCCAGCTAAAGCCCCCGTCAAAAGTGACCTCTGTCTTCGTGTCCCACTCCTGTCCCCACGGTGCTGAGCTGGGCAGGGAAGAGGTGGGAGCGTTCCAGGACAAACACCCTGTGA,129,48308,48437,59.7
ATGCAGCCCCCTGCCCGAGGCAGCCCTTTCTAAACTATCTACCTTCAGAGCCTTTCATAATAGGGAATGGAGGATGAGCTCAAACTTTCTTTCTTTTTTTCTTTTTTTTTTGAGACGGAGTCTCGCTCTGTCGCCCAGGCTGGAGTGCAGTGGCGTGATCTCGGCTCACTGCAAGCTCCGCCTCCCGGGTTCACACCATTCTCCTGCCTCAGCCTCCCGAGTAGCTGGGACAACAGGCGCCCGTCACCACGCCCGGCTAATTTTTTTGTATTTTTAGTAGAGATGGGGTCTCACCGTGTTAGCCAGGATGGTCTCCATCTCCTGATCTCATGA,333,48638,48971,52.6
ATGGTTCTGTTGGGGATGATGTGGGACATGTTTCTTGAAGTTCTCCTTTTCGGGTGGGCTCAGAGGTGA,69,49138,49207,49.3
ATGTGCAGCTGGTGGTAGCACAACCTCCGTCTCTCTGGCTCCAGAGCCTCCCCTGCTTGCCCTGTCCCAGCCAAACTCAGCCAAATCTACCTCCAGCCCCCTGCCCTGGAGCTCAGGTGGCAGCTCTCTCCAGGCCTTTCCAACAGCGCCTTCAGCAAAAGATGA,165,49222,49387,60.0
ATGTTCCCTCAGTTCCCAGGGCCTTGCTCCAGCTCATGGCCAGTCTTCCGTCTCCCCACTTTCTTGGCCCCTGCAGCCAGGCCACATAGCCTGTCTCCTCTGGGACACACTATACCCTCCTTTGGAGCTCCTGACCATGTCTCTCTTCAGTCCCAAAGCTGTCCGTGGCAGCCCCTACTCTCTGCAACGCGACCTCTGCCTTCTCAGTGCTCAGCACAGCAGACCCATGGCAGATAG,237,49388,49625,58.6
ATGGACAACAAGATGGGCGTAGGAAAGTGGATTAGTCAGTGGAGGAGGGGATCTACTGCACCGCCAAGCACCCACGTGTTTATAGCTTCTCCCATATTGCCTGGAGCCTGCAACTTACTAGGTGATGTGTAA,132,49697,49829,50.0
ATGTGCTAATTTTACTTGTAATAATTTACAAGTAAAAATTTTTAAATTTTACTTTAATTTTACATGTGCCAAACGTACAGGTTTGTTACATAA,93,49935,50028,21.5
ATGGTGGTTTGAAGCACCTATCAACCCATCATCTAGGTTTTAAGCCCCACATGCATTAGGTATTTCTCCTAA,72,50041,50113,41.7
ATGTTCTCCTCCCTGTGTCCATGTGTTCTCATAGTTCAACTCTCACTTTTGAGTGAGAACATGCAGTGTTTGGTTTTCTGTTCTTGTGTTAGTTTGCTGAGAATGATGGTTTCCAGCTTCATCCATGTCCCTGCAAAACACATGAACTCATCCTTTTTTATGGCTGCATAG,171,50161,50332,41.5
ATGGTGTATATGTGCTACATTTTCTTTATCCAATCTATCATTGATGGGCATTTGGGTTGGTTCCAAGTCTTTGCTATTGGAGATAGTGCTGCAATAAACTTAAGTGTGCATGTGTCTTTATAG,123,50338,50461,36.6
ATGATTTATAATCCTTTGGGTATATACCCAGTAATGAGATTGCTGGCTCAAATGTTATTTCTGGTTCTAGATCCTTTAGGAACCTCCACACTGTCTTCCACAATGGTTGAACTAATTTACACTCCCACCAACAGTGTGAAAGCATTCCTATTTCTCCGCATCCTTGCCAGCATCTGTTGTTTCCAGACTTTTTAA,195,50465,50660,39.5
ATGGTCAAATACCTAGCGTTTCGTAAGTTTAAATTAAACACCTAATATTTAATAGCTAAGTTTAAATGTGAGGTATAG,78,50685,50763,28.2
ATGAGGTACAGCTAGTATTTAGATAGCAGGTATTCAAATACCTACTATTTGATAAGTAAATATGTAGTGATTTACAAGGTCTTGCCTAGAAAATCTGATGACATAATTGTGAAATGGTGA,120,50844,50964,31.7
ATGGGAAGGGGGAGATGCGTCTCTCCCAAATACAAGTCCCTGGGGAGGGGTTGTGCATGGACCTGTCCCTTCCCTCCTGCCGGTTCGGGAACACTCCAAAGGCAGGGTGCTTGGTGA,117,51014,51131,59.8
ATGATTTTATTAACAAACATTGCGATTTTATTAAGCAGTCCAAGAACTTTCCTAGCTTGAGCGAGGTTCTCTGTGGTCGGCACACAGCTGGGTTTCCTCCAAGGAGCCCTTGATGAGAAGGCCATGTGGGAACCTGCTGGGAGGGGCCCGGCCTTGTTGGTGCTGGAGCTCAGTCCCCAGGAGGCTCCTCTGTCTTCTGATGTTCCACAAGCCACGAGCCGCCTCTGCACCAGAGCTGACTTGTCTGGAGAGGATTCCGCACAGGTGGCTGACCCCACCGGGCTCTGA,288,51244,51532,55.6
ATGCCAGGGCTGGCCGAGGGGGCTCCAGAGGGGATGGCCTGCTCATCACTGTGTAAAAGGCAGATTCTAAAGACCAAGACCCCAGGCCCAGTGACATGGGATGTGCAATGA,111,51598,51709,57.7
ATGTGGGCTACTTCAAGGCACTTTTGTGCCAGTGTCCTGTGGACCCTTCCTTAGCCATGTCCTCTGAGCCTGGGAGTGCCCACTGGCCCAGCTCAGACTGTAGTGGGTGGCTGGGACATCACAGTTGCAGGGTGA,135,51873,52008,57.8
ATGCCTTGAGATGGGAGGAAGTCCAAGACCCCCACTCCAGATGGGGGACGTTGAGGAATAAATGATGCGTTGAGCCTGCCCAGGACTCCACACCCAGCCGTGGCAGCCCTGGGCCCTGATGTTCAAAAGCCCCAGCAAAGGCCTCCAGCACCCCAGCTGTGTGGGGCCCAGCAAGTCTCACAGAGAGGACAGCCAGCCTCCATGCTCCCATGGAAATTACTCTGTCCTCAGCCGGCTCCTCTGGGCAGAGGCCTTGCCCAGATAGAGGGCTCCAGAGGGGACTGCCTGTACATCACTGTATAA,303,52033,52336,59.4
ATGGTAGATTCTCAAGATCAGGACCCCAGGCCCAGCGTCATGGGAAGTGCAATGGTGCAAGTTGGCTCCAGCCCTGTTCTCGGAGGACCCGCTGCTCACAGCACCAGCTTTGAACTTCAAGAAACATGTTCATACCATCCCCAACATAACCATTAA,156,52336,52492,51.3
ATGCTCTGTCCCCGGCCCCTAGAAGGTGGCCTGGCTTACAGCAGGTCCTCCATAAATACCTGTGGAATGAATATTCCATGCACTCCGGAGAAGCCTGCAGCACACAGGTGGCTGGGGTTTATGGAAATCCTGGAATCTCTGACTGGAATCTCTGTCTGGAATCCCTGCCTGGGGAGTCACCATCGCACACACGTGAAGGCACCGAAGGAGCAAACGCAGCCGCTGGTGCTAAGATGTGGCACTGCTCACTTGGTGCCGTAA,261,52553,52814,55.6
ATGTTCGTGAGTGTAAGCTCCATTTTGCAGAAGGAAAATTGGAGGCCCAGAGATCCATGGGAAGAGGTGGGGTGGCTGACAAATGCTGGAGAATCCCAAGGTTGGATTCCAGATGATGTTTATGGAGGACCTGCTGCAAGCCAGGCCTCCTTCTAG,156,52882,53038,50.6
ATGGTTATGTTGGGGATGATGTGGGACATGTTTCTTGAAGTTTGATTTTGGAAAACCGCCTGTTATTCTCCGAATTGCAAAATATGCAGGTGA,93,53120,53213,39.8
ATGTGCACGAGCTTGTTGAGTTTTAATTTAATTTTTAATTTTATTTTATTCTGAATGGACATCTTGCCACCCAGTGAGACTGTGTCCCCAAGGGTCATCAGGCCTGCAACAGTGTCAAAACTGAGAGAGAGCCTGGGCCCGGCCACAGTGTTTCCGCATATGCTTGGGTCCCTACTCCATGCAAGGAGGGCGTCACCCGGGGCTGGGACCCATCAGGGCATGGGTGCCCAGGGCGGGTTCTGGCATTTGGAAGGGACGGTGAGATGCCAGGGCTCTGTCTGCACAGGGTTGGGAAACAGTTGTTGGGCTCACTCCTCCCCACTGAGCCTGGGCGTGCAGGCAGAACCCAGGCGTGGGGGCGGCCTGGAGGGGCAGGCTGTGCAGACAACAACAGGAGGGACCAGGTGCCTGCAGAGGCCTGATGGCCGATGGCTGCTGTTTCCACTAGAGGGCTCAGGCTCGTGCAGGTGTCCCTGTCTTCCCAGGAGGGCAAGGCTACCTGGTCGGCACAGCTCTGCTACCTGTTGTGAGCTGAGCTGA,540,53217,53757,58.5
ATGTGCAAAACTCCCCCCTTCCAGCTGGGGAGGGCCAGAGGCTGGTCCTGCTGCGCGTTCAGCCTCAGACCAGGCCCCCACACCTATGACACATCAACACCAGGATGGACCCTCAGATGTCGCCCCTAA,129,54007,54136,61.2
ATGCTCACAAACTCGCAGTGGAGGATCAGGAGATGAGCTGTTCATGGTTTCTGACATCATGAAAGCCTTTATCAGAATGGATGGGGGATCAACAGTGGGTCCCCCAGTGGCTGTGGTCAGCTGAACAGAGGTGTCTGTGTCCTAATTCCCAGAACCTGGGACCGTGTCACCTTCTATAGGAAGAGGGGGGTCTTCGCAGATGTGATTAAAGGCTTGGGCTGGGGAGATGATCCTGGACCTTCTGGATGGGCCATGCATGCATCACGAGTGTCCTCCTTCCCAGAATTCCTCTTACTCCTTGGAATGCCCACCCTGGAATTCCCATCCTGGAATGCCCCATTCTCTTTCCCCCGAGGCCTAGTTGAGACCATGGGAGTTGACATGTGA,387,54137,54524,52.7
ATGATGGGAAAATTCGCTTGGAATTCATTCTCAGAAGTGTGTGTCCACCCACTTCCCAGCAGTGCAGGGTTTCCAGGAAGGGCCAAGAACTCTTAA,96,54577,54673,47.9
ATGAGAGGAAATGGCTCAGACCTGTTAACTGGGTGGCTTTTCTACAACGGCTGAATTAGTGAAGGAATGACCAAGCTCTGCCAAATTCCCTGCAGAGACTCCAGCAGAGGAGCTGGGCAGAGGCTGGACGTGTCAGCGTGA,141,54709,54850,52.5
ATGTATGCATGGATTCTGGGCCTTGGGGTGAGCGCGGGAGAACCACTGAGCCTGTTTGCAAAGGATGGGGCCACCTAA,78,54870,54948,56.4
ATGGACGACAGGCTAACAGGTGCTGAGCGGAAAATAAATCACAGAGTAGGGGCATTGGGGTGTGGACGATGCGGTGGCACTGAGGGAAGCTGCCATTTAAATAGGGCCACGGGGAGGTCTCACTGGAGCAGAGACCAGAGGGAGCGTCTCCAGGTGGGAGTTACAGAGAAGCTTGGGTGA,180,55257,55437,56.1
ATGCCCGCCCTGGAATTCCCATCATGGATTGCCCCATTCTCTTTCCCCCTCTTTCCCTGGAGGCCTAGTTTTACCCCTCTTTCATTGCCCTGTGGTGAGAGATCCCTCAGTGACAAGGACAGGGCACCTGGAGTCAAGTGGAGAGAAAATGCTTCCTTGGTAACATGA,168,55507,55675,52.4
ATGAGACTCAGCGGCTTCCCAGTGCTGCTGAGGAGCAGGGCGGCATCAACGGAATCCCAAACCCACGTGAAAGCTCCCCAAGAATGGGTGCCAATTTCAGGCCCATCGTCACGCGTTGGCCCCACCTCTACTGCTCCCCGTTTTCGGAGGATTTACTCAAGGCTACTTGGTGCCTGTGGATGGCAGAACCACTGA,195,55862,56057,57.4
ATGCGTGTTTCTAGTGCCGCATCTCCAAGAGTCCTTGTTCAGAGATGAAAGTGGCCAGGACTGGTTCTGGGGAAAGAGGCCCCCTTGGTTCAGTAG,96,56077,56173,53.1
ATGCTGTTGGGAACTGGGTGCCTACTGCATGCTTGTTTTGTCCTGGTTGCAAGCATGGATCACCTTGCTGGGTGA,75,56206,56281,52.0
ATGGACACAAACAATGGTCCCAAGTCCTAGAACAGGTTGTGTGAGCCACTTGAGGCATCCATCCAGTGCTGTTTCGGAGAAATCTCTATTTCAGTCTATTCCTATACATTAGTTATTGAAAAACAATAG,129,56324,56453,40.3
ATGCCAAACAACTTGTTACAAAAAGAGCGAGGGTCCCAGACCGCACCAAAACTTCATGAGACCTCTCCTTGTCTGTGCAAGGAAGAGTGGCCAACTCTGTAG,102,56525,56627,49.0
ATGCATGCCATTTTTCGGCTGCAAGGACCGGGCTGGGAGCTTGTGGACTTCCCATATCCTGGGATGGGAACTCCCCTGGTTCTCCCTTTTGGCCATTGA,99,56891,56990,55.6
ATGGAAGGTGCTTGCTTACTGCTTATGAGTTGATATGTCAAGATAGAAACTGGTTGCTTCAAGAGAAATGTAAGCTGGAAAAGGAAAACGTGA,93,57117,57210,38.7
ATGCCAGGCCTATGTCTTGACTGATCAAGCTCAAAGCTGTCAGCCTATTGCTGAAGAAAGCAGCTGTCCAAGTGGCCTAGTCAGGGTAGAACTGAAGAACTAGTCAACCGGGGCTTGGAGCAGGTAAAAACCCAGCTCCTATCTCAAGGATAA,153,57238,57391,49.0
ATGGAATGCAGGGAAATAGTTTACTTTACCAAAGGCTAAGGCTAAAATACTAGAATTTGCAACCCCTACCACTAA,75,57450,57525,37.3
ATGCTGTCACTAGAAAACGCTACGACTTTCGCTGGGGAGAGAAAGAGAGCACGGCTTTTAACAGGCTAA,69,57608,57677,47.8
ATGGCCCTTACGGGATGGGCCAGTAGAACTGCAAGTAACGGCCGGGCGCGGTGGCTCACACCTGTAATCCCAGCACTTTGGGAGGCTGAGGCGGGCAGATCACGAGGTCAGGAGATTGAGACCATCCTGGCCAACATGGTGAAGCCCCGTCTCTACTAA,159,57704,57863,59.1
ATGGTGGCGGGTGCCTGTAGTTCCAGCTATCGGGAGGCTGAGGCAGGAGAATGGTGTGAACCCAGGAGGTGGAGCTTGCAGTGA,84,57887,57971,59.5
ATGCTAACAAGAGCCTTAGGCAGAAACAAGATGGGAATAAGCTATCTTTGGAATTTTGGAACCAGAAGATGTCAGAGGCCGGCAAAGCTTATACCCCTTTCAAAAATCAACTGTTAG,117,58080,58197,41.0
ATGATGTCTTTTTGATTATGACTTGGATCCTGAGTTCCCCTAGAACTCACTGGTTCTGACGAAGGAAGCGGTGGGAGCACCAGCTGGCTGAATTGGTAG,99,58241,58340,48.5
ATGTCTACCAACTCTTGGTCAGTAGCAAATGGTCTTACTACCTGGATGCCCCAATGGCAATGAAACAAATGGTTAATTGGGAATAAAGAGGTTTGGGGAAAACAATACTGGGAAGATATCTGGATCCTGGCGCACACCACCATTATCACTGTTCTCCATGCTGATGCTCAAGCATCTCTGCTTTCTCTTAACAGACTATTTAATCAGCAGGCAGATCAACAGACCAACACTTCCACCATAACTGCAAATTTGAATGCGGATGAATGGATTACAACACGTTCAAGCCTTACAATGAGAGGCATTATAAGGTATGGTGGTATAATTGATAGTGATTACTGGGGAGAGTTAAAGCTCATTTTATACAATACCACTCCAGATTCTTTTGCTATAAATCCGCAGATGTGGGTTGCTCAATTGTTAGTGGTACCTTGTCAACAATTAACCCCTGAGGAAATTTCTGCCCCAATAGAAACAACATATAGAACCGGAAAATTTGGGTCCATCGGAGTGGGTGGGCAACTTAAAACCTTGAGCCAAAATATGGGTGCAGTGTCCATCAGGTCCCGCCCCTAA,573,58384,58957,42.4
ATGAAGGCATAATACAGTTTCCTAAAGATGAAAAACAATGTCATGTTCCCCTCCAGTTTTGTTATTACGAATAATCTGTCTGCTAGAAATCAGTACTTGGGTCATCATGTCTGA,114,58989,59103,36.0
ATGAGTTCAACAACTGGGTAGCCACTGCTGCAACGGAAGCCAACTGCAGTCGGCACTGGCTATGCATCAAGCTGCCGGAGGCCGCCAGGAATGGGCTACCTCGGAGAATCATCCCTGCTAACATTTCTGAATGGATATGCCAATGCCAATGGGTACAGGATAATAACATTTGTAATCCAACCTGGACTTTTTTAA,195,59111,59306,48.7
ATGAGACACAGCACTCTTGTTACTTAAATTACACATTACAGCAATACAATTGTAGTAGAACTCTTCCTATTCCCTGGGGGACCCGCTGGGTATGTGGATCCTACAGGTGGTGATACCTGCCTCCACATTGGTCGGGAAGATGCACTTGGGGGTGGCCATTAA,162,59340,59502,47.5
ATGCTTACAAACACCGCTGGTTGCGGATGTGCCAGACTCCCTGGTGGTGGTACCCTATCACAATATTCTCCCCTGCCGCCGGTGCAATCCTGTTTCAGCAACAAATTTAAATATTAA,117,59547,59664,47.9
ATGATAGTAGCACTGGACTTACATTGTTATCAGATGAATTTGCTCAGCTGCATACTGTTGTGTTGCAACATGGAATGGCATTAG,84,59688,59772,39.3
ATGCTTACCGCCGTCCAAGGAGGGGTTTGCACCTTACTGCATACTGAATGTTGTGTGTATATCCCTGACAATTCTCACAATATGACTCTCCTTGCAAAGCCATGCTGGGTGTGGTTTTTATTAATTGTGTTTTTAATTCTGTGCTTATACTGCATCTGTAACCTATATCAACTATGCCTTCCCCATGTATCTGTAAGGGTATTTTCCTATAACTGA,216,59774,59990,40.3
